75
150
226
302
378
455
607
759
911
1063
1216
1369
1522
1826
2130
2434
2738
3042
3347
3652
4257
4863
5469
6075
6681
7287
7894
9101
10308
11516
12724
13932
15140
16348
18757
21166
23575
25985
28395
30805
33215
38025
42836
47647
52458
57270
62082
66894
76506
86118
95731
105344
114957
124571
134185
153399
172613
191827
211042
230257
249472
268688
307104
345520
383936
422352
460769
499186
537603
614421
691239
768057
844875
921693
998512
1075331
1228950
1382570
1536190
1689810
1843430
1997050
2150671
2457892
2765113
3072335
3379557
3686779
3994001
4301223
4915646
5530069
6144492
6758916
7373340
7987764
8602188
9831012
11059837